0.016319 0.017098 -0.005676 5.830783 6.080143 6.111398 
0.030654 0.008287 0.042811 5.675739 6.007963 6.058712 
0.020374 0.005191 0.075233 5.794293 6.078468 6.178639 
0.014766 0.005830 0.016848 5.775217 6.030180 6.079003 
0.012980 -0.017919 0.084636 5.859031 5.931531 6.100219 
-0.005403 -0.005795 0.044771 5.779164 6.028910 6.157326 
0.020552 0.005772 0.013162 5.693315 5.812684 5.942027 
0.026146 0.014068 0.073467 5.683318 5.786777 6.079009 
0.006342 -0.002049 0.060468 5.721925 5.756523 5.926941 
0.006496 -0.005526 0.040461 5.645671 5.716588 6.008357 
0.000000 0.000000 0.000000 1.000000 1.000000 1.000000 
0.007327 0.001891 0.007171 5.564547 5.678896 5.996404 
0.002852 -0.002709 0.059871 5.601785 5.897782 6.000033 
0.010994 -0.003573 0.063483 5.696387 5.782323 6.029365 
0.025390 0.004402 -0.032244 5.645133 5.926201 5.968608 
0.005633 -0.004203 0.023835 5.752837 5.875979 6.115285 
0.016719 0.015600 0.073635 5.624352 5.805484 6.050520 
0.028290 0.004172 0.078788 5.660016 5.902261 5.972629 
0.005398 -0.008003 0.037341 5.760392 5.779371 6.006705 
0.000000 0.000000 0.000000 1.000000 1.000000 1.000000 
