  0.0133052   0.0379234  0.00135289
  0.0436545    0.036464  0.00954477
  0.0495987  -0.0538172  0.00264186
 -0.0217847   0.0175236  0.00707336
 -0.0094702   -0.129121  0.00246076
-0.00749946    0.101552  -0.0257581
0.000820254    -0.11687   0.0125808
 0.00409062   0.0360699   0.0062531
  0.0223919   0.0103331  -0.0323947
  0.0136034   -0.182714 -0.00834102
-0.00106526 -0.00106526 -0.00106526
-0.00309992    -0.10054  -0.0116007
0.000596548  -0.0117073  0.00197074
 0.00416518   0.0204957  -0.0304772
  0.0535189   0.0469249   0.0172679
  0.0552872  -0.0342376  0.00309992
  0.0756018  -0.0211455  -0.0174597
  0.0199204   0.0363149   0.0074462
 0.00943824   0.0115262  -0.0106313
-0.00106526 -0.00106526 -0.00106526

