-3.1416    3.1416   -1.5708    1.5708   -3.1416    3.1416
-1.5708    0.7854   -1.5708    1.5708   -1.5708    1.5708
      0    2.6180         0         0   -0.7854    2.3562
-1.5708    1.5708   -1.5708    1.5708   -0.7854    0.7854
-0.7854    0.5236   -1.5708    1.5708         0         0
-3.1416    3.1416   -1.5708    1.5708   -3.1416    3.1416
-0.7854    1.5708   -1.5708    1.5708   -1.5708    1.5708
-2.6180         0         0         0   -2.3562    0.7854
-0.5236    0.7854   -1.5708    1.5708         0         0
-3.1416    3.1416   -1.5708    1.5708   -3.1416    3.1416
-3.1416    3.1416   -1.5708    1.5708   -3.1416    3.1416
-3.1416    3.1416   -1.5708    1.5708   -3.1416    3.1416
-3.1416    3.1416   -1.5708    1.5708   -3.1416    3.1416
-3.1416    3.1416   -1.5708    1.5708   -3.1416    3.1416
-3.1416    3.1416   -1.5708    1.5708   -3.1416    3.1416
-3.1416    3.1416   -1.5708    1.5708   -3.1416    3.1416
-3.1416    3.1416   -1.5708    1.5708   -3.1416    3.1416
-3.1416    3.1416   -1.5708    1.5708   -3.1416    3.1416
-3.1416    3.1416   -1.5708    1.5708   -3.1416    3.1416
-3.1416    3.1416   -1.5708    1.5708   -3.1416    3.1416
